[1.01763421 0.90772137]
[0.35670219 1.03879387]
[0.13206036 0.64953466]
[0.06076426 0.57478726]
[0.05903242 0.54593957]
[0.08160536 0.60545738]
[0.07936712 0.56924543]
[0.13764114 0.64005701]
[0.11084966 0.64780161]
[0.15024257 0.8436641 ]
[0.11611305 0.82464649]
[0.06705852 0.60668461]
[0.10520057 0.63311107]
[0.16003527 0.77375824]
[0.2282383  1.02990008]
[0.10269898 0.64417151]
[0.12458566 0.63465809]
[0.10408264 0.5845435 ]
[0.1786258  0.98412289]
[0.15454502 0.93826562]
[0.10999901 0.63908126]
[0.08499694 0.60352185]
[0.09809691 0.58466173]
[0.14116902 0.83827918]
[0.17680294 0.94732301]
[0.09608405 0.52465455]
[0.11968266 0.67939313]
[0.09461916 0.63425679]
[0.08544127 0.58249038]
[0.13132202 0.91206328]
[0.18709509 0.88002622]
[0.13123731 0.59711312]
[0.1082279  0.63113238]
[0.15687221 0.92569847]
[0.29545136 1.05873631]
[0.10180989 0.59528456]
[0.10490742 0.64489808]
[0.14375829 0.65457772]
[0.69480789 0.13568579]
[0.11415315 0.66293856]
[0.13548952 0.52611191]
[0.27376886 1.03571249]
[0.31007028 1.03544748]
[0.27806034 1.01855057]
[0.119513  0.9331208]
[0.19848629 1.04968344]
[0.27377994 0.99258243]
[1.27093367 0.29616474]
[0.63132515 0.08809047]
[0.44389122 0.09035576]
[0.52974244 0.10626633]
[0.9879776  0.15271522]
[1.29204497 0.28039672]
[0.98220664 0.23534919]
[0.1570468 0.7260345]
[0.84975277 0.15535572]
[0.87801372 0.17617129]
[1.28607937 0.34174008]
[0.2885208  1.02768283]
[0.73160132 0.15104879]
[1.17639511 0.214405  ]
[0.82989529 0.18085639]
[0.3121028  0.97480881]
[1.26299881 0.32502534]
[0.73281428 0.11863044]
[0.86545011 0.1169975 ]
[1.28794911 0.19063814]
[0.24898815 0.88048746]
[0.7278609  0.12666666]
[1.21269488 0.2818754 ]
[1.01888191 0.18795353]
[1.01278983 0.15870565]
[0.16733042 0.82598555]
[1.71297192 0.2461695 ]
[1.33278161 0.11943963]
[0.90422247 0.17637546]
[0.46356314 1.11930251]
[1.07293707 0.23393488]
[1.08079568 0.17273216]
[0.77404764 0.08750964]
[1.66081088 0.18317812]
[3.2695857  0.16302962]
[1.23918532 0.17811629]
[0.31422325 1.09434958]
[0.31661452 1.05501799]
[1.03104254 0.32811363]
[0.29837008 1.07633025]
[0.25566019 0.9989921 ]
[0.41348716 1.28778276]
[5.87239003 0.29731838]
[1.96289744 0.15221636]
[0.80773069 0.16484141]
[0.14143913 0.68349084]
[0.20521483 1.07719425]
[0.25172042 0.87693663]
[0.16209601 0.57069165]
[0.94445923 0.16828641]
[0.29825956 1.0527917 ]
[8.95401757 0.43235925]
[2.91947463 0.19721815]
[0.28798434 1.03082232]
[0.11934998 0.60166515]
[0.59639725 0.10220563]
[0.70024634 0.12778068]
[0.80090657 0.10380501]
[2.28488521 0.19398101]
[3.21843837 0.17884703]
[9.19210558 0.20651683]
[11.80204619  0.36289648]
[4.21873794 0.3399648 ]
[1.21969672 0.26460827]
[0.60812195 0.11187248]
[0.16589103 0.93702647]
[0.8680883  0.19236253]
[1.19129496 0.25127341]
[0.57317838 1.02566781]
[9.13586172 0.24461401]
[8.15654493 0.20024532]
[15.33680751  0.41854759]
[13.66588487  0.48750681]
[4.52091156 0.34445109]
[0.43815388 1.15633032]
[0.27486619 0.91545201]
[0.33854958 0.73408325]
[0.27735367 0.93285118]
[0.54907604 1.05668889]
[0.94640079 2.09401209]
[16.03783005  0.4349715 ]
[14.97528061  0.34387331]
[15.43023582  0.33649251]
[18.0982775   0.49086551]
[14.58990394  0.30371344]
[5.66711387 0.29603077]
[6.01749808 0.19782968]
[0.37045358 2.98641015]
[8.51806657 0.40064945]
[0.16443167 0.99196574]
[6.96918793 0.18542332]
[9.01545977 0.19965473]
[15.82879004  0.30437995]
[18.35043545  0.36736876]
[17.20875887  0.47209315]
[17.52929628  0.55897987]
[18.72214496  1.08622685]
[18.04636815  0.79474808]
[1.08909317 2.04808935]
[14.25204899  0.34332236]
[4.41122764 0.13803087]
[8.24242446 0.28866239]
[17.66102699  0.51901133]
[11.77419936  0.8620693 ]
[17.8639319   0.62841364]
[18.61265556  0.68757826]
[18.68408567  1.57785882]
[18.90129057  1.45728052]
[18.50043855  0.49643977]
[18.34641176  0.44556415]
[18.79440529  0.43212858]
[18.81708879  0.4924058 ]
[17.87839347  0.61937859]
[18.19820293  1.58833457]
[ 2.44544816 12.59221029]
[2.08955075 9.65843268]
[ 3.10307701 13.68983403]
[17.83757584  3.16675443]
[16.57077725  0.66391532]
[18.69372777  0.65849268]
[18.51041766  1.0975514 ]
[18.84769955  4.20385035]
[18.88217124  0.50337206]
[18.89608304  0.73117958]
[18.70208395  1.20041638]
[18.77816563  3.57891399]
[18.66905107  6.22570318]
[18.77755457  5.24901126]
[18.63182202  3.7916715 ]
[18.83166606  2.99691184]
[18.68136243  0.66536915]
[18.87084964  1.76995403]
[15.43013099  0.34534798]
[18.8227399   1.40098835]
[ 6.8626954  16.55185537]
[18.87334442  3.67826067]
[18.87561757 15.11840485]
[18.73124745 16.49398814]
[18.60001532 16.00198272]
[18.92852078  9.24117834]
[18.72666823  5.67309956]
[18.82492054  4.51328155]
[18.88456663  5.15703659]
[18.44772716  7.00403802]
[18.83225677  9.04868786]
[18.82319307  5.69568647]
[18.66250717  4.13754745]
[18.625275   10.90458537]
[18.71863552 13.60218164]
[18.7298224 15.7824702]
[18.71928666 17.99234661]
[18.04777732 18.69415075]
[18.83968774 12.71067099]
[18.71780545 10.35364185]
[18.85436094 14.40979796]
[18.81887234 18.5133402 ]
[18.77426564 18.43811824]
[18.7103662  18.28791321]
[18.88270723 18.37367743]
[18.71751223 11.84838091]
[ 7.73527177 18.80455721]
[18.84912026  7.01391654]
[18.75686746 17.0435355 ]
[18.79642375 14.55417552]
[19.00607097 18.43034138]
[18.39347765 18.75661999]
[18.86334816 18.42714789]
[18.40376293 18.84418641]
[18.40187128 18.73557776]
[18.9085659  18.21883619]
[18.90435019 17.99004462]
[18.86747447 18.48689132]
[18.8028687  18.38790465]
[18.60266529 18.41178885]
[18.89009942 18.38126824]
[18.93525615 18.42116764]
[18.82122829 18.32955133]
[18.53171519 18.82150441]
[18.41633293 18.73729683]
[18.78714895 18.36856587]
[18.67422234 18.32428534]
[18.73299558  9.4919125 ]
[18.50532405 18.33014767]
[18.7410335  18.39020022]
[18.40927005 18.7098766 ]
[18.90822711 18.42514674]
[18.72261819 14.27154404]
[18.98633176 18.32576837]
[18.92104399 18.58579861]
[18.30404483 18.74548204]
[18.52680677 19.02655586]
[18.89026636 18.278606  ]
[18.4574132  18.83755555]
[18.2719072  18.80963983]
[18.48073219 18.78361225]
[18.75118733 18.38560295]
[18.98601942 18.22662477]
[19.07138636 18.54279291]
[18.88350044 18.45708444]
[18.76452261 18.46045075]
[18.94098499 18.38719738]
[18.83380933 18.47642902]
[18.78335762 18.23149419]
[18.55770564 18.37804941]
[18.77393504 18.39178374]
[18.65950009 18.45385227]
[18.21224534 18.74231226]
[18.31220023 18.6696884 ]
[18.5020327  18.65293915]
[18.31510177 18.77365443]
[18.94617334 17.47543318]
[18.49062116 18.92062878]
[16.7573902  18.82126476]
[ 4.52244301 18.69449608]
[18.7332938 18.3646104]
[18.94867788 18.26494034]
[18.33350069 18.65968052]
[11.92368526 18.82622067]
[17.53016129 18.461834  ]
[18.72897658 18.417618  ]
[18.55119968 18.92219098]
[18.45771506 19.07322216]
[18.37793278 18.94040406]
[18.37844014 19.01565406]
[18.52787245 18.86598548]
[18.90941648 18.40102157]
[18.19871777 18.75763208]
[18.42590479 18.73533231]
[18.35860018 18.67566217]
[16.34160819 18.73824709]
[14.90342422 18.61763588]
[18.21209513 18.75998565]
[18.81804657 18.25487858]
[12.77854264 18.75736964]
[18.48320774 13.71105598]
[18.7088368  17.36443161]
[18.34491035 18.71347624]
[18.25976432 18.70743361]
[ 5.01609442 18.88825055]
[ 2.13729139 17.35821393]
[17.31462568 18.63447951]
[18.35030643 18.87990156]
[18.39208997 18.96710573]
[14.97768365 18.80716667]
[18.12840431  4.65447332]
[16.58931379 18.92732048]
[15.3588826  18.90373684]
[17.53592017 18.79843287]
[17.9966464  18.75627058]
[18.64373701 16.29008148]
[17.00639237 18.7784689 ]
[16.98024169 18.80354863]
[17.26441278 18.89609852]
[18.69571251 15.24458774]
[11.30528011 18.61630511]
[13.06445141 18.72134399]
[16.00167391 18.89917018]
[18.59064871  4.51145373]
[ 2.45746267 17.8367536 ]
[18.55970683 13.12846518]
[15.35041571 18.95096771]
[10.36142692 18.91468686]
[12.87249719 18.6848346 ]
[18.69755977 11.41828221]
[15.63053863 18.88362107]
[ 9.18190934 18.85955547]
[15.48118956 18.84183106]
[ 7.63642628 18.71828065]
[16.17637743  3.25458928]
[ 2.83904971 18.7255915 ]
[ 8.07402624 18.72531945]
[ 4.85519108 18.59638867]
[ 1.94918307 18.72262469]
[ 3.70349717 18.77579379]
[ 4.15719378 18.80365376]
[ 1.96622908 17.31444632]
[18.49697471  3.12902642]
[ 3.54467704 18.77975886]
[10.48122576 18.85072121]
[11.17861303 18.76584718]
[ 2.00512429 18.75781749]
[ 1.57554107 18.78328147]
[ 0.87126584 18.85808605]
[ 8.35025973 18.8555741 ]
[ 3.74348314 18.49408216]
[ 1.34184593 15.19966313]
[ 0.95417304 18.61274543]
[ 1.91755267 18.6877354 ]
[ 2.09541344 18.72842484]
[ 0.84935173 18.78630914]
[ 7.39705965 18.77886253]
[16.3572402   1.87785783]
[ 0.89576941 16.93912398]
[ 0.50910558 18.44091722]
[ 3.51568047 18.80062466]
[ 1.26605048 18.74726986]
[ 0.92225414 17.36223654]
[ 0.71463452 18.80750899]
[ 1.07060809 18.83034779]
[ 0.98132177 18.55998756]
[ 0.59714712 15.21548512]
[ 0.63242081 11.09428771]
[ 0.91481613 18.13000687]
[ 0.5963323  17.72332331]
[ 0.51072888 18.55618667]
[ 0.50035327 18.29350395]
[ 0.53994318 11.51043634]
[ 1.25596542 12.12072022]
[ 0.84136678 18.54798883]
[ 0.66917254 18.78374216]
[ 0.2634746  11.42155782]
[ 0.68047298 18.22263212]
[ 0.67757807 18.85997384]
[ 0.43019346 17.3836535 ]
[0.31606369 7.64642568]
[3.50621479 1.04897381]
[ 0.66761452 16.08628743]
[ 0.71149834 15.50394876]
[ 0.51061838 17.93522175]
[0.26402948 5.41920944]
[0.39234828 4.00188724]
[ 0.36096552 12.54258059]
[ 0.64468001 18.23145584]
[1.48907166 0.78163832]
[ 0.49717355 17.2968916 ]
[ 0.74889465 18.26790677]
[ 0.28871501 10.07556487]
[1.00611841 0.38426109]
[0.33821875 6.9362149 ]
[ 0.27213162 10.50770465]
[ 0.4523648  16.64364091]
[1.55660993 0.41377845]
[3.06693428 0.79553876]
[0.27638895 7.27858617]
[ 0.31188335 14.54453695]
[0.71990382 0.38635954]
[ 0.29225599 13.69987406]
[ 0.37130559 11.16244092]
[1.97678091 0.32023922]
[0.28961637 2.35558067]
[0.18636221 3.54191391]
[ 0.38149688 14.60095659]
[1.12302673 0.70251343]
[0.5187585  3.19407727]
[2.29432961 0.99310527]
[0.42596723 9.877433  ]
[1.22827312 0.54463138]
[0.31671069 8.73460435]
[0.25515986 3.29251028]
[0.19871652 1.36795433]
[1.35270789 0.27158664]
[ 0.30570845 10.95523386]
[0.60241086 2.38996845]
[0.43242948 3.04552173]
[0.36325387 3.70573931]
[0.24853713 3.68149345]
[0.31012101 2.78155157]
[0.20227692 3.00909844]
[0.14984787 0.99924047]
[1.38389537 0.35949876]
[2.26101198 1.20673662]
[0.48561276 3.51000229]
[0.3648952  2.88041788]
[0.23167518 3.01299555]
[0.88898202 0.3401928 ]
[0.25669784 1.87493196]
[0.76770545 0.36734596]
[0.72266593 0.22268101]
[0.34097407 2.04725815]
[0.45211779 3.19312741]
[0.4413341  3.20035943]
[0.2337019  2.37600468]
[0.2144379  1.15046165]
[0.18602095 1.09917251]
[0.17408753 0.69292336]
[0.16715391 0.68146871]
[0.38570555 2.53536782]
[0.4241432  3.10027417]
[0.24190708 2.27930552]
[0.31969614 1.49142073]
[0.92475909 0.34844634]
[0.9813242  0.52357566]
[0.89393599 0.31493774]
[0.39506168 2.55607848]
[0.34274252 2.93410221]
[0.1989572  1.67049254]
[0.24701124 1.29816133]
[0.18309651 0.97487262]
[0.20028545 0.96332408]
[0.2796614  2.04683936]
[0.363013   2.77351431]
[0.16843212 1.69951016]
[0.18564201 1.17574372]
[0.16920542 0.91715102]
[0.18680245 1.10305955]
[0.27894661 2.18667413]
[0.26042788 2.53320525]
[0.1469326  0.99936154]
[0.13456748 0.85799328]
[0.14479097 0.91376678]
[0.27515126 1.92146798]
[0.27785682 2.39294863]
[0.17422628 0.78711593]
[0.13353428 0.61548203]
[0.10464362 0.70993465]
[0.86695522 0.41927233]
[0.6148509 0.1985107]
[0.80324385 0.17290683]
[0.83828233 0.20261952]
[0.72682119 0.16984629]
[0.63856187 0.14522187]
[0.68067108 0.19943469]
[0.19964934 0.66654021]
[0.62300762 0.13850702]
[0.56880119 0.1143258 ]
[0.64439152 0.1092021 ]
[0.55825278 0.10032871]
[0.57631158 0.09264401]
[0.5961803 0.1307609]
[0.67097548 0.12960368]
[0.65161915 0.13445017]
[0.70963415 0.16630338]
[0.76369422 0.16565878]
[0.87512089 0.30800263]
[0.88543595 0.45657961]
[0.85001249 0.27941667]
[0.69340981 0.20201694]
[0.62810853 0.18978541]
[0.15246764 0.52115503]
[0.57271357 0.14581361]
[0.56372613 0.09714916]
[0.56806302 0.10203389]
[0.58311405 0.10148039]
[0.57370696 0.13696649]
[0.62069189 0.11906402]
[0.52174357 0.08592962]
[0.49467094 0.09451439]
[0.53966901 0.07470203]
[0.53377532 0.10459172]
[0.59830133 0.11138977]
[0.59995729 0.09372649]
[0.54693142 0.07392658]
[0.54134496 0.09996988]
[0.50952354 0.08986659]
[0.5417398  0.08977791]
[0.60301323 0.12632804]
[0.58520589 0.10222014]
[0.52844459 0.08980298]
[0.49771276 0.07439418]
[0.53264395 0.05953682]
[0.8284189  0.21786046]
[0.8284206  0.15652141]
[0.74790147 0.90801211]
